http://www.myntra.com/men-formal-shirts?nav_id=10&src=tn,/men-formal-shirts,Formal Shirts,http://www.myntra.com/giordano?src=lnb,GIORDANO [1]
,http://www.myntra.com/watches/giordano/giordano-premier-men-grey-dial-watch/105423/buy
http://www.myntra.com/men-formal-shirts?nav_id=10&src=tn,/men-formal-shirts,Formal Shirts,http://www.myntra.com/giordano?src=lnb,GIORDANO [1]
,http://www.myntra.com/watches/giordano/giordano-women-purple-dial-watch/105390/buy
http://www.myntra.com/men-formal-shirts?nav_id=10&src=tn,/men-formal-shirts,Formal Shirts,http://www.myntra.com/giordano?src=lnb,GIORDANO [1]
,http://www.myntra.com/watches/giordano/giordano-men-cream-dial-watch/105435/buy
http://www.myntra.com/men-formal-shirts?nav_id=10&src=tn,/men-formal-shirts,Formal Shirts,http://www.myntra.com/giordano?src=lnb,GIORDANO [1]
,http://www.myntra.com/watches/giordano/giordano-men-white-dial-watch/105400/buy
http://www.myntra.com/men-formal-shirts?nav_id=10&src=tn,/men-formal-shirts,Formal Shirts,http://www.myntra.com/giordano?src=lnb,GIORDANO [1]
,http://www.myntra.com/watches/giordano/giordano-men-white-dial-watch/105439/buy
http://www.myntra.com/men-formal-shirts?nav_id=10&src=tn,/men-formal-shirts,Formal Shirts,http://www.myntra.com/giordano?src=lnb,GIORDANO [1]
,http://www.myntra.com/watches/giordano/giordano-men-blue-dial-watch/105563/buy
http://www.myntra.com/men-formal-shirts?nav_id=10&src=tn,/men-formal-shirts,Formal Shirts,http://www.myntra.com/giordano?src=lnb,GIORDANO [1]
,http://www.myntra.com/sweaters/giordano/giordano-men-maroon-white-striped-sleeveless-sweat/197792/buy
http://www.myntra.com/men-formal-shirts?nav_id=10&src=tn,/men-formal-shirts,Formal Shirts,http://www.myntra.com/giordano?src=lnb,GIORDANO [1]
,http://www.myntra.com/sweaters/giordano/giordano-men-white-black-striped-sweater/197780/buy
http://www.myntra.com/men-formal-shirts?nav_id=10&src=tn,/men-formal-shirts,Formal Shirts,http://www.myntra.com/giordano?src=lnb,GIORDANO [1]
,http://www.myntra.com/sweaters/giordano/giordano-men-grey-charcoal-grey-striped-sweater/197765/buy
http://www.myntra.com/men-formal-shirts?nav_id=10&src=tn,/men-formal-shirts,Formal Shirts,http://www.myntra.com/giordano?src=lnb,GIORDANO [1]
,http://www.myntra.com/shirts/giordano/giordano-men-black-white-checked-slim-fit-casual-s/183777/buy
http://www.myntra.com/men-formal-shirts?nav_id=10&src=tn,/men-formal-shirts,Formal Shirts,http://www.myntra.com/giordano?src=lnb,GIORDANO [1]
,http://www.myntra.com/sweaters/giordano/giordano-men-navy-white-striped-sleeveless-sweater/197791/buy
http://www.myntra.com/men-formal-shirts?nav_id=10&src=tn,/men-formal-shirts,Formal Shirts,http://www.myntra.com/giordano?src=lnb,GIORDANO [1]
,http://www.myntra.com/shirts/giordano/giordano-men-blue-white-checked-slim-fit-casual-sh/183779/buy
http://www.myntra.com/men-formal-shirts?nav_id=10&src=tn,/men-formal-shirts,Formal Shirts,http://www.myntra.com/giordano?src=lnb,GIORDANO [1]
,http://www.myntra.com/shirts/giordano/giordano-men-navy-white-checked-slim-fit-casual-sh/183776/buy
http://www.myntra.com/men-formal-shirts?nav_id=10&src=tn,/men-formal-shirts,Formal Shirts,http://www.myntra.com/giordano?src=lnb,GIORDANO [1]
,http://www.myntra.com/shirts/giordano/giordano-men-blue-white-striped-slim-fit-smart-cas/172861/buy
http://www.myntra.com/men-formal-shirts?nav_id=10&src=tn,/men-formal-shirts,Formal Shirts,http://www.myntra.com/giordano?src=lnb,GIORDANO [1]
,http://www.myntra.com/tshirts/giordano/giordano-men-blue-white-striped-polo-t-shirt/172892/buy
http://www.myntra.com/men-formal-shirts?nav_id=10&src=tn,/men-formal-shirts,Formal Shirts,http://www.myntra.com/giordano?src=lnb,GIORDANO [1]
,http://www.myntra.com/tshirts/giordano/giordano-men-purple-grey-striped-polo-t-shirt/197825/buy
http://www.myntra.com/men-formal-shirts?nav_id=10&src=tn,/men-formal-shirts,Formal Shirts,http://www.myntra.com/giordano?src=lnb,GIORDANO [1]
,http://www.myntra.com/watches/giordano/giordano-men-silver-dial-watch/105438/buy
http://www.myntra.com/men-formal-shirts?nav_id=10&src=tn,/men-formal-shirts,Formal Shirts,http://www.myntra.com/giordano?src=lnb,GIORDANO [1]
,http://www.myntra.com/shirts/giordano/giordano-men-navy-striped-slim-fit-casual-shirt/183780/buy
http://www.myntra.com/men-formal-shirts?nav_id=10&src=tn,/men-formal-shirts,Formal Shirts,http://www.myntra.com/giordano?src=lnb,GIORDANO [1]
,http://www.myntra.com/tshirts/giordano/giordano-men-yellow-white-striped-polo-t-shirt/197828/buy
http://www.myntra.com/men-formal-shirts?nav_id=10&src=tn,/men-formal-shirts,Formal Shirts,http://www.myntra.com/giordano?src=lnb,GIORDANO [1]
,http://www.myntra.com/watches/giordano/giordano-men-white-dial-watch/117114/buy
http://www.myntra.com/men-formal-shirts?nav_id=10&src=tn,/men-formal-shirts,Formal Shirts,http://www.myntra.com/giordano?src=lnb,GIORDANO [1]
,http://www.myntra.com/watches/giordano/giordano-men-black-dial-watch/121328/buy
http://www.myntra.com/men-formal-shirts?nav_id=10&src=tn,/men-formal-shirts,Formal Shirts,http://www.myntra.com/giordano?src=lnb,GIORDANO [1]
,http://www.myntra.com/watches/giordano/giordano-women-black-watch/105527/buy
http://www.myntra.com/men-formal-shirts?nav_id=10&src=tn,/men-formal-shirts,Formal Shirts,http://www.myntra.com/giordano?src=lnb,GIORDANO [1]
,http://www.myntra.com/shirts/giordano/giordano-men-blue-white-striped-slim-fit-smart-cas/172865/buy
http://www.myntra.com/men-formal-shirts?nav_id=10&src=tn,/men-formal-shirts,Formal Shirts,http://www.myntra.com/giordano?src=lnb,GIORDANO [1]
,http://www.myntra.com/watches/giordano/giordano-men-black-dial-watch/105437/buy
http://www.myntra.com/men-formal-shirts?nav_id=10&src=tn,/men-formal-shirts,Formal Shirts,http://www.myntra.com/giordano?src=lnb,GIORDANO [1]
,http://www.myntra.com/Sweaters/GIORDANO/Giordano-Men-Red-Cardigan/197776/buy
http://www.myntra.com/men-formal-shirts?nav_id=10&src=tn,/men-formal-shirts,Formal Shirts,http://www.myntra.com/giordano?src=lnb,GIORDANO [1]
,http://www.myntra.com/Sweaters/GIORDANO/Giordano-Men-Black-&-Grey-Melange-Striped-Sweater/197781/buy
http://www.myntra.com/men-formal-shirts?nav_id=10&src=tn,/men-formal-shirts,Formal Shirts,http://www.myntra.com/giordano?src=lnb,GIORDANO [1]
,http://www.myntra.com/Sweaters/GIORDANO/Giordano-Men-Grey-&-Black-Striped-Sweater/197777/buy
http://www.myntra.com/men-formal-shirts?nav_id=10&src=tn,/men-formal-shirts,Formal Shirts,http://www.myntra.com/giordano?src=lnb,GIORDANO [1]
,http://www.myntra.com/Tshirts/GIORDANO/Giordano-Men-Black-&-Green-Striped-Slim-Fit-Polo-T-shirt/197823/buy
http://www.myntra.com/men-formal-shirts?nav_id=10&src=tn,/men-formal-shirts,Formal Shirts,http://www.myntra.com/giordano?src=lnb,GIORDANO [1]
,http://www.myntra.com/Shirts/GIORDANO/Giordano-Men-Blue-&-Grey-Striped-Slim-Fit-Casual-Shirt/183781/buy
http://www.myntra.com/men-formal-shirts?nav_id=10&src=tn,/men-formal-shirts,Formal Shirts,http://www.myntra.com/giordano?src=lnb,GIORDANO [1]
,http://www.myntra.com/Watches/GIORDANO/Giordano-Men-Black-Dial-Watch/29417/buy
http://www.myntra.com/men-formal-shirts?nav_id=10&src=tn,/men-formal-shirts,Formal Shirts,http://www.myntra.com/giordano?src=lnb,GIORDANO [1]
,http://www.myntra.com/Tshirts/GIORDANO/Giordano-Men-Blue-&-White-Polo-T-shirt/197800/buy
http://www.myntra.com/men-formal-shirts?nav_id=10&src=tn,/men-formal-shirts,Formal Shirts,http://www.myntra.com/giordano?src=lnb,GIORDANO [1]
,http://www.myntra.com/Tshirts/GIORDANO/Giordano-Men-Maroon-&-White-Striped-Polo-T-shirt/172886/buy
http://www.myntra.com/men-formal-shirts?nav_id=10&src=tn,/men-formal-shirts,Formal Shirts,http://www.myntra.com/giordano?src=lnb,GIORDANO [1]
,http://www.myntra.com/Sweaters/GIORDANO/Giordano-Men-Navy-&-Brown-Striped-Sweater/197783/buy
http://www.myntra.com/men-formal-shirts?nav_id=10&src=tn,/men-formal-shirts,Formal Shirts,http://www.myntra.com/giordano?src=lnb,GIORDANO [1]
,http://www.myntra.com/Sweaters/GIORDANO/Giordano-Men-Red-&-Grey-Striped-Sweater/197778/buy
http://www.myntra.com/men-formal-shirts?nav_id=10&src=tn,/men-formal-shirts,Formal Shirts,http://www.myntra.com/giordano?src=lnb,GIORDANO [1]
,http://www.myntra.com/Watches/GIORDANO/Giordano-Men-Black-Dial-Watch/105428/buy
http://www.myntra.com/men-formal-shirts?nav_id=10&src=tn,/men-formal-shirts,Formal Shirts,http://www.myntra.com/giordano?src=lnb,GIORDANO [1]
,http://www.myntra.com/Watches/GIORDANO/Giordano-Men-Black-Dial-Watch/105409/buy
http://www.myntra.com/men-formal-shirts?nav_id=10&src=tn,/men-formal-shirts,Formal Shirts,http://www.myntra.com/giordano?src=lnb,GIORDANO [1]
,http://www.myntra.com/Watches/GIORDANO/Giordano-Women-Blue-Dial-Watch/121345/buy
http://www.myntra.com/men-formal-shirts?nav_id=10&src=tn,/men-formal-shirts,Formal Shirts,http://www.myntra.com/giordano?src=lnb,GIORDANO [1]
,http://www.myntra.com/Sweaters/GIORDANO/Giordano-Men-Maroon-&-Off-White-Striped-Sweater/197785/buy
http://www.myntra.com/men-formal-shirts?nav_id=10&src=tn,/men-formal-shirts,Formal Shirts,http://www.myntra.com/giordano?src=lnb,GIORDANO [1]
,http://www.myntra.com/Sweaters/GIORDANO/Giordano-Men-Navy-&-Grey-Cardigan/197770/buy
http://www.myntra.com/men-formal-shirts?nav_id=10&src=tn,/men-formal-shirts,Formal Shirts,http://www.myntra.com/giordano?src=lnb,GIORDANO [1]
,http://www.myntra.com/Sweaters/GIORDANO/Giordano-Men-Mushroom-Brown-&-Coffee-Brown-Striped-Sweater/197764/buy
http://www.myntra.com/men-formal-shirts?nav_id=10&src=tn,/men-formal-shirts,Formal Shirts,http://www.myntra.com/giordano?src=lnb,GIORDANO [1]
,http://www.myntra.com/Sweaters/GIORDANO/Giordano-Men-Grey-&-Navy-Striped-Sweater/197758/buy
http://www.myntra.com/men-formal-shirts?nav_id=10&src=tn,/men-formal-shirts,Formal Shirts,http://www.myntra.com/giordano?src=lnb,GIORDANO [1]
,http://www.myntra.com/Sweaters/GIORDANO/Giordano-Men-Maroon-&-Navy-Striped-Sweater/197784/buy
http://www.myntra.com/men-formal-shirts?nav_id=10&src=tn,/men-formal-shirts,Formal Shirts,http://www.myntra.com/giordano?src=lnb,GIORDANO [1]
,http://www.myntra.com/Sweaters/GIORDANO/Giordano-Men-Maroon-&-White-Cardigan/197794/buy
http://www.myntra.com/men-formal-shirts?nav_id=10&src=tn,/men-formal-shirts,Formal Shirts,http://www.myntra.com/giordano?src=lnb,GIORDANO [1]
,http://www.myntra.com/Sweaters/GIORDANO/Giordano-Men-Grey-&-Black-Striped-Sweater/197766/buy
http://www.myntra.com/men-formal-shirts?nav_id=10&src=tn,/men-formal-shirts,Formal Shirts,http://www.myntra.com/giordano?src=lnb,GIORDANO [1]
,http://www.myntra.com/Sweaters/GIORDANO/Giordano-Men-Black-&-Red-Sweater/197787/buy
http://www.myntra.com/men-formal-shirts?nav_id=10&src=tn,/men-formal-shirts,Formal Shirts,http://www.myntra.com/giordano?src=lnb,GIORDANO [1]
,http://www.myntra.com/Watches/GIORDANO/Giordano-Women-Black-Dial-Watch/117139/buy
http://www.myntra.com/men-formal-shirts?nav_id=10&src=tn,/men-formal-shirts,Formal Shirts,http://www.myntra.com/giordano?src=lnb,GIORDANO [1]
,http://www.myntra.com/Sweaters/GIORDANO/Giordano-Men-Navy-&-Blue-Striped-Sweater/197767/buy
http://www.myntra.com/men-formal-shirts?nav_id=10&src=tn,/men-formal-shirts,Formal Shirts,http://www.myntra.com/giordano?src=lnb,GIORDANO [1]
,http://www.myntra.com/Shirts/GIORDANO/Giordano-Men-Blue-&-White-Checked-Slim-Fit-Casual-Shirt/183778/buy
http://www.myntra.com/men-formal-shirts?nav_id=10&src=tn,/men-formal-shirts,Formal Shirts,http://www.myntra.com/giordano?src=lnb,GIORDANO [1]
,http://www.myntra.com/Sweaters/GIORDANO/Giordano-Men-Grey-&-Blue-Striped-Sweater/197763/buy
http://www.myntra.com/men-formal-shirts?nav_id=10&src=tn,/men-formal-shirts,Formal Shirts,http://www.myntra.com/giordano?src=lnb,GIORDANO [1]
,http://www.myntra.com/Sweaters/GIORDANO/Giordano-Men-Black-&-White-Sleeveless-Sweater/197796/buy
http://www.myntra.com/men-formal-shirts?nav_id=10&src=tn,/men-formal-shirts,Formal Shirts,http://www.myntra.com/giordano?src=lnb,GIORDANO [1]
,http://www.myntra.com/Sweaters/GIORDANO/Giordano-Men-Grey-Melange-&-Charcoal-Grey-Striped-Sweater/197759/buy
http://www.myntra.com/men-formal-shirts?nav_id=10&src=tn,/men-formal-shirts,Formal Shirts,http://www.myntra.com/giordano?src=lnb,GIORDANO [1]
,http://www.myntra.com/Tshirts/GIORDANO/Giordano-Men-Red-&-White-Striped-Polo-T-shirt/197805/buy
http://www.myntra.com/men-formal-shirts?nav_id=10&src=tn,/men-formal-shirts,Formal Shirts,http://www.myntra.com/giordano?src=lnb,GIORDANO [1]
,http://www.myntra.com/Tshirts/GIORDANO/Giordano-Men-Blue-&-White-Polo-T-shirt/197802/buy
http://www.myntra.com/men-formal-shirts?nav_id=10&src=tn,/men-formal-shirts,Formal Shirts,http://www.myntra.com/giordano?src=lnb,GIORDANO [1]
,http://www.myntra.com/Tshirts/GIORDANO/Giordano-Men-Pink-&-White-Striped-Polo-T-shirt/197824/buy
http://www.myntra.com/men-formal-shirts?nav_id=10&src=tn,/men-formal-shirts,Formal Shirts,http://www.myntra.com/giordano?src=lnb,GIORDANO [1]
,http://www.myntra.com/Sweaters/GIORDANO/Giordano-Men-Black-&-Grey-Striped-Sweater/197757/buy
http://www.myntra.com/men-formal-shirts?nav_id=10&src=tn,/men-formal-shirts,Formal Shirts,http://www.myntra.com/giordano?src=lnb,GIORDANO [1]
,http://www.myntra.com/Tshirts/GIORDANO/Giordano-Men-Black-Pique-Polo-T-shirt/172905/buy
http://www.myntra.com/men-formal-shirts?nav_id=10&src=tn,/men-formal-shirts,Formal Shirts,http://www.myntra.com/giordano?src=lnb,GIORDANO [1]
,http://www.myntra.com/Tshirts/GIORDANO/Giordano-Men-Green-&-White-Polo-T-shirt/172887/buy
http://www.myntra.com/men-formal-shirts?nav_id=10&src=tn,/men-formal-shirts,Formal Shirts,http://www.myntra.com/giordano?src=lnb,GIORDANO [1]
,http://www.myntra.com/Sweaters/GIORDANO/Giordano-Men-Navy-Cardigan/197773/buy
http://www.myntra.com/men-formal-shirts?nav_id=10&src=tn,/men-formal-shirts,Formal Shirts,http://www.myntra.com/giordano?src=lnb,GIORDANO [1]
,http://www.myntra.com/Tshirts/GIORDANO/Giordano-Men-Navy-Slim-Fit-Polo-T-shirt/197801/buy
http://www.myntra.com/men-formal-shirts?nav_id=10&src=tn,/men-formal-shirts,Formal Shirts,http://www.myntra.com/giordano?src=lnb,GIORDANO [1]
,http://www.myntra.com/Tshirts/GIORDANO/Giordano-Men-Orange-&-Navy-T-shirt/197833/buy
http://www.myntra.com/men-formal-shirts?nav_id=10&src=tn,/men-formal-shirts,Formal Shirts,http://www.myntra.com/giordano?src=lnb,GIORDANO [1]
,http://www.myntra.com/Shirts/GIORDANO/Giordano-Men-Grey-&-Blue-Checked-Slim-Fit-Casual-Shirt/183783/buy
http://www.myntra.com/men-formal-shirts?nav_id=10&src=tn,/men-formal-shirts,Formal Shirts,http://www.myntra.com/giordano?src=lnb,GIORDANO [1]
,http://www.myntra.com/Tshirts/GIORDANO/Giordano-Men-Navy-Slim-Fit-Polo-T-shirt/197803/buy
http://www.myntra.com/men-formal-shirts?nav_id=10&src=tn,/men-formal-shirts,Formal Shirts,http://www.myntra.com/giordano?src=lnb,GIORDANO [1]
,http://www.myntra.com/Tshirts/GIORDANO/Giordano-Men-Yellow-&-Navy-T-shirt/197834/buy
http://www.myntra.com/men-formal-shirts?nav_id=10&src=tn,/men-formal-shirts,Formal Shirts,http://www.myntra.com/giordano?src=lnb,GIORDANO [1]
,http://www.myntra.com/Shirts/GIORDANO/Giordano-Men-Navy-&-White-Checked-Slim-Fit-Casual-Shirt/183785/buy
http://www.myntra.com/men-formal-shirts?nav_id=10&src=tn,/men-formal-shirts,Formal Shirts,http://www.myntra.com/giordano?src=lnb,GIORDANO [1]
,http://www.myntra.com/Sweaters/GIORDANO/Giordano-Men-Blue-Sweater/197775/buy
http://www.myntra.com/men-formal-shirts?nav_id=10&src=tn,/men-formal-shirts,Formal Shirts,http://www.myntra.com/giordano?src=lnb,GIORDANO [1]
,http://www.myntra.com/Sweaters/GIORDANO/Giordano-Men-Off-White-&-Charcoal-Grey-Striped-Sweater/197782/buy
http://www.myntra.com/men-formal-shirts?nav_id=10&src=tn,/men-formal-shirts,Formal Shirts,http://www.myntra.com/giordano?src=lnb,GIORDANO [1]
,http://www.myntra.com/Sweaters/GIORDANO/Giordano-Men-Grey-Melange-&-Charcoal-Grey-Striped-Sweater/197760/buy
http://www.myntra.com/men-formal-shirts?nav_id=10&src=tn,/men-formal-shirts,Formal Shirts,http://www.myntra.com/giordano?src=lnb,GIORDANO [1]
,http://www.myntra.com/Shirts/GIORDANO/Giordano-Men-Blue-&-White-Striped-Slim-Fit-Casual-Shirt/172842/buy
http://www.myntra.com/men-formal-shirts?nav_id=10&src=tn,/men-formal-shirts,Formal Shirts,http://www.myntra.com/giordano?src=lnb,GIORDANO [1]
,http://www.myntra.com/Watches/GIORDANO/Giordano-Women-Blue-Dial-Watch/117127/buy
http://www.myntra.com/men-formal-shirts?nav_id=10&src=tn,/men-formal-shirts,Formal Shirts,http://www.myntra.com/giordano?src=lnb,GIORDANO [1]
,http://www.myntra.com/Watches/GIORDANO/Giordano-Men-Black-Dial-Watch/117145/buy
http://www.myntra.com/men-formal-shirts?nav_id=10&src=tn,/men-formal-shirts,Formal Shirts,http://www.myntra.com/giordano?src=lnb,GIORDANO [1]
,http://www.myntra.com/Watches/GIORDANO/Giordano-Premier-Women-White-Dial-Watch/121325/buy
http://www.myntra.com/men-formal-shirts?nav_id=10&src=tn,/men-formal-shirts,Formal Shirts,http://www.myntra.com/giordano?src=lnb,GIORDANO [1]
,http://www.myntra.com/Watches/GIORDANO/Giordano-Men-Silver-Dial-Watch/29467/buy
http://www.myntra.com/men-formal-shirts?nav_id=10&src=tn,/men-formal-shirts,Formal Shirts,http://www.myntra.com/giordano?src=lnb,GIORDANO [1]
,http://www.myntra.com/Watches/GIORDANO/Giordano-Women-Brown-Dial-Watch/105500/buy
http://www.myntra.com/men-formal-shirts?nav_id=10&src=tn,/men-formal-shirts,Formal Shirts,http://www.myntra.com/giordano?src=lnb,GIORDANO [1]
,http://www.myntra.com/Tshirts/GIORDANO/Giordano-Men-White-Slim-Fit-Polo-T-shirt/183787/buy
http://www.myntra.com/men-formal-shirts?nav_id=10&src=tn,/men-formal-shirts,Formal Shirts,http://www.myntra.com/giordano?src=lnb,GIORDANO [1]
,http://www.myntra.com/Watches/GIORDANO/Giordano-Men-White-Dial-Watch/105394/buy
http://www.myntra.com/men-formal-shirts?nav_id=10&src=tn,/men-formal-shirts,Formal Shirts,http://www.myntra.com/giordano?src=lnb,GIORDANO [1]
,http://www.myntra.com/Watches/GIORDANO/Giordano-Men-White-Dial-Watch/105461/buy
http://www.myntra.com/men-formal-shirts?nav_id=10&src=tn,/men-formal-shirts,Formal Shirts,http://www.myntra.com/giordano?src=lnb,GIORDANO [1]
,http://www.myntra.com/Tshirts/GIORDANO/Giordano-Men-White-Slim-Fit-Polo-T-shirt/183797/buy
http://www.myntra.com/men-formal-shirts?nav_id=10&src=tn,/men-formal-shirts,Formal Shirts,http://www.myntra.com/giordano?src=lnb,GIORDANO [1]
,http://www.myntra.com/Tshirts/GIORDANO/Giordano-Men-Blue-&-White-Striped-Pique-Polo-T-shirt/197818/buy
http://www.myntra.com/men-formal-shirts?nav_id=10&src=tn,/men-formal-shirts,Formal Shirts,http://www.myntra.com/giordano?src=lnb,GIORDANO [1]
,http://www.myntra.com/Tshirts/GIORDANO/Giordano-Men-Navy-&-White-Striped-Polo-T-shirt/197820/buy
http://www.myntra.com/men-formal-shirts?nav_id=10&src=tn,/men-formal-shirts,Formal Shirts,http://www.myntra.com/giordano?src=lnb,GIORDANO [1]
,http://www.myntra.com/Tshirts/GIORDANO/Giordano-Men-Yellow-Polo-T-shirt/172910/buy
http://www.myntra.com/men-formal-shirts?nav_id=10&src=tn,/men-formal-shirts,Formal Shirts,http://www.myntra.com/giordano?src=lnb,GIORDANO [1]
,http://www.myntra.com/Tshirts/GIORDANO/Giordano-Men-Grey-&-Blue-Polo-T-shirt/172890/buy
http://www.myntra.com/men-formal-shirts?nav_id=10&src=tn,/men-formal-shirts,Formal Shirts,http://www.myntra.com/giordano?src=lnb,GIORDANO [1]
,http://www.myntra.com/Tshirts/GIORDANO/Giordano-Men-White-&-Blue-Striped-Polo-T-shirt/172899/buy
http://www.myntra.com/men-formal-shirts?nav_id=10&src=tn,/men-formal-shirts,Formal Shirts,http://www.myntra.com/giordano?src=lnb,GIORDANO [1]
,http://www.myntra.com/Sweaters/GIORDANO/Giordano-Men-Black-&-Charcoal-Grey-Sweater/197769/buy
http://www.myntra.com/men-formal-shirts?nav_id=10&src=tn,/men-formal-shirts,Formal Shirts,http://www.myntra.com/giordano?src=lnb,GIORDANO [1]
,http://www.myntra.com/Sweaters/GIORDANO/Giordano-Men-Black-Cardigan/197772/buy
http://www.myntra.com/men-formal-shirts?nav_id=10&src=tn,/men-formal-shirts,Formal Shirts,http://www.myntra.com/giordano?src=lnb,GIORDANO [1]
,http://www.myntra.com/Tshirts/GIORDANO/Giordano-Men-Navy-&-Red-Striped-Slim-Fit-Polo-T-shirt/197827/buy
http://www.myntra.com/men-formal-shirts?nav_id=10&src=tn,/men-formal-shirts,Formal Shirts,http://www.myntra.com/giordano?src=lnb,GIORDANO [1]
,http://www.myntra.com/Tshirts/GIORDANO/Giordano-Men-Blue-Striped-Polo-T-shirt/197821/buy
http://www.myntra.com/men-formal-shirts?nav_id=10&src=tn,/men-formal-shirts,Formal Shirts,http://www.myntra.com/giordano?src=lnb,GIORDANO [1]
,http://www.myntra.com/Tshirts/GIORDANO/Giordano-Men-Green-Polo-T-shirt/172877/buy
http://www.myntra.com/men-formal-shirts?nav_id=10&src=tn,/men-formal-shirts,Formal Shirts,http://www.myntra.com/giordano?src=lnb,GIORDANO [1]
,http://www.myntra.com/Shirts/GIORDANO/Giordano-Men-Navy-&-White-Checked-Casual-Shirt/172844/buy
http://www.myntra.com/men-formal-shirts?nav_id=10&src=tn,/men-formal-shirts,Formal Shirts,http://www.myntra.com/giordano?src=lnb,GIORDANO [1]
,http://www.myntra.com/Tshirts/GIORDANO/Giordano-Men-Green-&-Blue-Striped-Pique-Polo-T-shirt/172900/buy
http://www.myntra.com/men-formal-shirts?nav_id=10&src=tn,/men-formal-shirts,Formal Shirts,http://www.myntra.com/giordano?src=lnb,GIORDANO [1]
,http://www.myntra.com/Watches/GIORDANO/Giordano-Men-Classic-Black-Dial-Watch/117151/buy
http://www.myntra.com/men-formal-shirts?nav_id=10&src=tn,/men-formal-shirts,Formal Shirts,http://www.myntra.com/giordano?src=lnb,GIORDANO [1]
,http://www.myntra.com/Tshirts/GIORDANO/Giordano-Men-Red-Slim-Fit-Polo-T-shirt/183793/buy
http://www.myntra.com/men-formal-shirts?nav_id=10&src=tn,/men-formal-shirts,Formal Shirts,http://www.myntra.com/giordano?src=lnb,GIORDANO [1]
,http://www.myntra.com/Tshirts/GIORDANO/Giordano-Men-White-Polo-T-shirt/172909/buy
http://www.myntra.com/men-formal-shirts?nav_id=10&src=tn,/men-formal-shirts,Formal Shirts,http://www.myntra.com/giordano?src=lnb,GIORDANO [1]
,http://www.myntra.com/Tshirts/GIORDANO/Giordano-Men-Green-Polo-T-shirt/172906/buy
http://www.myntra.com/men-formal-shirts?nav_id=10&src=tn,/men-formal-shirts,Formal Shirts,http://www.myntra.com/giordano?src=lnb,GIORDANO [1]
,http://www.myntra.com/Tshirts/GIORDANO/Giordano-Men-Charcoal-Grey-&-Blue-Colour-Blocked-Pique-Polo-T-shirt/197799/buy
http://www.myntra.com/men-formal-shirts?nav_id=10&src=tn,/men-formal-shirts,Formal Shirts,http://www.myntra.com/giordano?src=lnb,GIORDANO [1]
,http://www.myntra.com/Tshirts/GIORDANO/Giordano-Men-White-&-Grey-Slim-Fit-Polo-T-Shirt/172888/buy
http://www.myntra.com/men-formal-shirts?nav_id=10&src=tn,/men-formal-shirts,Formal Shirts,http://www.myntra.com/giordano?src=lnb,GIORDANO [1]
,http://www.myntra.com/Watches/GIORDANO/Giordano-Men-Black-Dial-Watch/29468/buy
http://www.myntra.com/men-formal-shirts?nav_id=10&src=tn,/men-formal-shirts,Formal Shirts,http://www.myntra.com/giordano?src=lnb,GIORDANO [1]
,http://www.myntra.com/Watches/GIORDANO/Giordano-Men-Black-Dial-Watch/105545/buy
http://www.myntra.com/men-formal-shirts?nav_id=10&src=tn,/men-formal-shirts,Formal Shirts,http://www.myntra.com/giordano?src=lnb,GIORDANO [1]
,http://www.myntra.com/Watches/GIORDANO/Giordano-Men-Charcoal-Dial-Watch/105399/buy
http://www.myntra.com/men-formal-shirts?nav_id=10&src=tn,/men-formal-shirts,Formal Shirts,http://www.myntra.com/giordano?src=lnb,GIORDANO [1]
,http://www.myntra.com/Watches/GIORDANO/Giordano-Men-Black-Dial-Watch/105440/buy
http://www.myntra.com/men-formal-shirts?nav_id=10&src=tn,/men-formal-shirts,Formal Shirts,http://www.myntra.com/giordano?src=lnb,GIORDANO [1]
,http://www.myntra.com/Watches/GIORDANO/Giordano-Men-White-Dial-Watch/70333/buy
http://www.myntra.com/men-formal-shirts?nav_id=10&src=tn,/men-formal-shirts,Formal Shirts,http://www.myntra.com/giordano?src=lnb,GIORDANO [1]
,http://www.myntra.com/Watches/GIORDANO/Giordano-Men-Cream-Dial-Watch/105552/buy
http://www.myntra.com/men-formal-shirts?nav_id=10&src=tn,/men-formal-shirts,Formal Shirts,http://www.myntra.com/giordano?src=lnb,GIORDANO [1]
,http://www.myntra.com/Watches/GIORDANO/Giordano-Premier-Men-White-Dial-Watch/121327/buy
http://www.myntra.com/men-formal-shirts?nav_id=10&src=tn,/men-formal-shirts,Formal Shirts,http://www.myntra.com/giordano?src=lnb,GIORDANO [1]
,http://www.myntra.com/Watches/GIORDANO/Giordano-Women-White-Dial-Watch/105513/buy
http://www.myntra.com/men-formal-shirts?nav_id=10&src=tn,/men-formal-shirts,Formal Shirts,http://www.myntra.com/giordano?src=lnb,GIORDANO [1]
,http://www.myntra.com/Watches/GIORDANO/Giordano-Women-White-Dial-Watch/105538/buy
http://www.myntra.com/men-formal-shirts?nav_id=10&src=tn,/men-formal-shirts,Formal Shirts,http://www.myntra.com/giordano?src=lnb,GIORDANO [1]
,http://www.myntra.com/Sweaters/GIORDANO/Giordano-Men-Blue-&-Charcoal-Grey-Cardigan/197793/buy
http://www.myntra.com/men-formal-shirts?nav_id=10&src=tn,/men-formal-shirts,Formal Shirts,http://www.myntra.com/giordano?src=lnb,GIORDANO [1]
,http://www.myntra.com/Watches/GIORDANO/Giordano-Women-White-Dial-Watch/105497/buy
http://www.myntra.com/men-formal-shirts?nav_id=10&src=tn,/men-formal-shirts,Formal Shirts,http://www.myntra.com/giordano?src=lnb,GIORDANO [1]
,http://www.myntra.com/Trousers/GIORDANO/Giordano-Men-Black-Linen-Blend-Trousers/172869/buy
http://www.myntra.com/men-formal-shirts?nav_id=10&src=tn,/men-formal-shirts,Formal Shirts,http://www.myntra.com/giordano?src=lnb,GIORDANO [1]
,http://www.myntra.com/Sweaters/GIORDANO/Giordano-Men-Black-Cardigan/197774/buy
http://www.myntra.com/men-formal-shirts?nav_id=10&src=tn,/men-formal-shirts,Formal Shirts,http://www.myntra.com/giordano?src=lnb,GIORDANO [1]
,http://www.myntra.com/Shirts/GIORDANO/Giordano-Men-Red-&-Blue-Checked-Slim-Fit-Casual-Shirt/183784/buy
http://www.myntra.com/men-formal-shirts?nav_id=10&src=tn,/men-formal-shirts,Formal Shirts,http://www.myntra.com/giordano?src=lnb,GIORDANO [1]
,http://www.myntra.com/Watches/GIORDANO/Giordano-Women-Purple-Dial-Watch/105389/buy
http://www.myntra.com/men-formal-shirts?nav_id=10&src=tn,/men-formal-shirts,Formal Shirts,http://www.myntra.com/giordano?src=lnb,GIORDANO [1]
,http://www.myntra.com/Watches/GIORDANO/Giordano-Women-Black-Dial-Watch/105509/buy
http://www.myntra.com/men-formal-shirts?nav_id=10&src=tn,/men-formal-shirts,Formal Shirts,http://www.myntra.com/giordano?src=lnb,GIORDANO [1]
,http://www.myntra.com/Shirts/GIORDANO/Giordano-Men-White-&-Blue-Checked-Slim-Fit-Formal-Shirt/183786/buy
http://www.myntra.com/men-formal-shirts?nav_id=10&src=tn,/men-formal-shirts,Formal Shirts,http://www.myntra.com/giordano?src=lnb,GIORDANO [1]
,http://www.myntra.com/Sweaters/GIORDANO/Giordano-Men-Blue-Sleeveless-Sweater/197797/buy
http://www.myntra.com/men-formal-shirts?nav_id=10&src=tn,/men-formal-shirts,Formal Shirts,http://www.myntra.com/giordano?src=lnb,GIORDANO [1]
,http://www.myntra.com/Watches/GIORDANO/Giordano-Premier-Men-White-Dial-Watch/121330/buy
http://www.myntra.com/men-formal-shirts?nav_id=10&src=tn,/men-formal-shirts,Formal Shirts,http://www.myntra.com/giordano?src=lnb,GIORDANO [1]
,http://www.myntra.com/Watches/GIORDANO/Giordano-Men-White-Dial-Watch/105431/buy
http://www.myntra.com/men-formal-shirts?nav_id=10&src=tn,/men-formal-shirts,Formal Shirts,http://www.myntra.com/giordano?src=lnb,GIORDANO [1]
,http://www.myntra.com/Watches/GIORDANO/Giordano-Women-White-Dial-Watch/105493/buy
http://www.myntra.com/men-formal-shirts?nav_id=10&src=tn,/men-formal-shirts,Formal Shirts,http://www.myntra.com/giordano?src=lnb,GIORDANO [1]
,http://www.myntra.com/Watches/GIORDANO/Giordano-Women-White-Dial-Watch/105494/buy
http://www.myntra.com/men-formal-shirts?nav_id=10&src=tn,/men-formal-shirts,Formal Shirts,http://www.myntra.com/giordano?src=lnb,GIORDANO [1]
,http://www.myntra.com/Watches/GIORDANO/Giordano-Premier-Men-Grey-Dial-Watch/121329/buy
http://www.myntra.com/men-formal-shirts?nav_id=10&src=tn,/men-formal-shirts,Formal Shirts,http://www.myntra.com/giordano?src=lnb,GIORDANO [1]
,http://www.myntra.com/Shirts/GIORDANO/Giordano-Men-Blue-Slim-Fit-Smart-Casual-Shirt/172863/buy
http://www.myntra.com/men-formal-shirts?nav_id=10&src=tn,/men-formal-shirts,Formal Shirts,http://www.myntra.com/giordano?src=lnb,GIORDANO [1]
,http://www.myntra.com/Watches/GIORDANO/Giordano-Women-White-Dial-Watch/105385/buy
http://www.myntra.com/men-formal-shirts?nav_id=10&src=tn,/men-formal-shirts,Formal Shirts,http://www.myntra.com/giordano?src=lnb,GIORDANO [1]
,http://www.myntra.com/Sweaters/GIORDANO/Giordano-Men-Navy-Cardigan/197786/buy
http://www.myntra.com/men-formal-shirts?nav_id=10&src=tn,/men-formal-shirts,Formal Shirts,http://www.myntra.com/giordano?src=lnb,GIORDANO [1]
,http://www.myntra.com/Shirts/GIORDANO/Giordano-Men-Navy-&-Green-Checked-Casual-Shirt/172843/buy
http://www.myntra.com/men-formal-shirts?nav_id=10&src=tn,/men-formal-shirts,Formal Shirts,http://www.myntra.com/giordano?src=lnb,GIORDANO [1]
,http://www.myntra.com/Watches/GIORDANO/Giordano-Women-White-Dial-Watch/105536/buy
http://www.myntra.com/men-formal-shirts?nav_id=10&src=tn,/men-formal-shirts,Formal Shirts,http://www.myntra.com/giordano?src=lnb,GIORDANO [1]
,http://www.myntra.com/Watches/GIORDANO/Giordano-Women-White-Dial-Watch/105537/buy
http://www.myntra.com/men-formal-shirts?nav_id=10&src=tn,/men-formal-shirts,Formal Shirts,http://www.myntra.com/giordano?src=lnb,GIORDANO [1]
,http://www.myntra.com/Watches/GIORDANO/Giordano-Men-White-Dial-Watch/105462/buy
http://www.myntra.com/men-formal-shirts?nav_id=10&src=tn,/men-formal-shirts,Formal Shirts,http://www.myntra.com/giordano?src=lnb,GIORDANO [1]
,http://www.myntra.com/Watches/GIORDANO/Giordano-Premier-Women-Black-Dial-Watch/121320/buy
http://www.myntra.com/men-formal-shirts?nav_id=10&src=tn,/men-formal-shirts,Formal Shirts,http://www.myntra.com/giordano?src=lnb,GIORDANO [1]
,http://www.myntra.com/Watches/GIORDANO/Giordano-Women-White-Dial-Watch/117104/buy
http://www.myntra.com/men-formal-shirts?nav_id=10&src=tn,/men-formal-shirts,Formal Shirts,http://www.myntra.com/giordano?src=lnb,GIORDANO [1]
,http://www.myntra.com/Watches/GIORDANO/Giordano-Men-Silver-Analogue-&-Digital-Watch/117150/buy
http://www.myntra.com/men-formal-shirts?nav_id=10&src=tn,/men-formal-shirts,Formal Shirts,http://www.myntra.com/giordano?src=lnb,GIORDANO [1]
,http://www.myntra.com/Laptop-Bag/GIORDANO/Giordano-Unisex-Black-Bag/101222/buy
http://www.myntra.com/men-formal-shirts?nav_id=10&src=tn,/men-formal-shirts,Formal Shirts,http://www.myntra.com/giordano?src=lnb,GIORDANO [1]
,http://www.myntra.com/Watches/GIORDANO/Giordano-Men-White-Dial-Watch/105392/buy
http://www.myntra.com/men-formal-shirts?nav_id=10&src=tn,/men-formal-shirts,Formal Shirts,http://www.myntra.com/giordano?src=lnb,GIORDANO [1]
,http://www.myntra.com/Shirts/GIORDANO/Giordano-Men-Grey-&-White-Checked-Slim-Fit-Casual-Shirt/183782/buy
http://www.myntra.com/men-formal-shirts?nav_id=10&src=tn,/men-formal-shirts,Formal Shirts,http://www.myntra.com/giordano?src=lnb,GIORDANO [1]
,http://www.myntra.com/Watches/GIORDANO/Giordano-Men-White-Dial-Watch/29451/buy
http://www.myntra.com/men-formal-shirts?nav_id=10&src=tn,/men-formal-shirts,Formal Shirts,http://www.myntra.com/giordano?src=lnb,GIORDANO [1]
,http://www.myntra.com/Watches/GIORDANO/Giordano-Women-White-Dial-Watch/105386/buy
http://www.myntra.com/men-formal-shirts?nav_id=10&src=tn,/men-formal-shirts,Formal Shirts,http://www.myntra.com/giordano?src=lnb,GIORDANO [1]
,http://www.myntra.com/Tshirts/GIORDANO/Giordano-Men-White-Polo-T-shirt/172883/buy
http://www.myntra.com/men-formal-shirts?nav_id=10&src=tn,/men-formal-shirts,Formal Shirts,http://www.myntra.com/giordano?src=lnb,GIORDANO [1]
,http://www.myntra.com/Watches/GIORDANO/Giordano-Premier-Men-White-Dial-Watch/105419/buy
http://www.myntra.com/men-formal-shirts?nav_id=10&src=tn,/men-formal-shirts,Formal Shirts,http://www.myntra.com/giordano?src=lnb,GIORDANO [1]
,http://www.myntra.com/Tshirts/GIORDANO/Giordano-Men-White-Slim-Fit-Polo-T-shirt/197806/buy
http://www.myntra.com/men-formal-shirts?nav_id=10&src=tn,/men-formal-shirts,Formal Shirts,http://www.myntra.com/giordano?src=lnb,GIORDANO [1]
,http://www.myntra.com/Shirts/GIORDANO/Giordano-Men-White-&-Blue-Checked-Slim-Fit-Casual-Shirt/172858/buy
http://www.myntra.com/men-formal-shirts?nav_id=10&src=tn,/men-formal-shirts,Formal Shirts,http://www.myntra.com/giordano?src=lnb,GIORDANO [1]
,http://www.myntra.com/Watches/GIORDANO/Giordano-Men-White-Dial-Watch/105460/buy
http://www.myntra.com/men-formal-shirts?nav_id=10&src=tn,/men-formal-shirts,Formal Shirts,http://www.myntra.com/giordano?src=lnb,GIORDANO [1]
,http://www.myntra.com/Watches/GIORDANO/Giordano-Men-White-Dial-Watch/105433/buy
http://www.myntra.com/men-formal-shirts?nav_id=10&src=tn,/men-formal-shirts,Formal Shirts,http://www.myntra.com/giordano?src=lnb,GIORDANO [1]
,http://www.myntra.com/Sweaters/GIORDANO/Giordano-Men-Grey-&-Maroon-Striped-Sweater/197762/buy
http://www.myntra.com/men-formal-shirts?nav_id=10&src=tn,/men-formal-shirts,Formal Shirts,http://www.myntra.com/giordano?src=lnb,GIORDANO [1]
,http://www.myntra.com/Watches/GIORDANO/Giordano-Premier-Men-Black-Dial-Watch/105420/buy
http://www.myntra.com/men-formal-shirts?nav_id=10&src=tn,/men-formal-shirts,Formal Shirts,http://www.myntra.com/giordano?src=lnb,GIORDANO [1]
,http://www.myntra.com/Watches/GIORDANO/Giordano-Women-Black-Dial-Watch/121336/buy
http://www.myntra.com/men-formal-shirts?nav_id=10&src=tn,/men-formal-shirts,Formal Shirts,http://www.myntra.com/giordano?src=lnb,GIORDANO [1]
,http://www.myntra.com/Watches/GIORDANO/Giordano-Men-Brown-Dial-Watch/105484/buy
http://www.myntra.com/men-formal-shirts?nav_id=10&src=tn,/men-formal-shirts,Formal Shirts,http://www.myntra.com/giordano?src=lnb,GIORDANO [1]
,http://www.myntra.com/Watches/GIORDANO/Giordano-Men-Cream-Dial-Watch/117142/buy
http://www.myntra.com/men-formal-shirts?nav_id=10&src=tn,/men-formal-shirts,Formal Shirts,http://www.myntra.com/giordano?src=lnb,GIORDANO [1]
,http://www.myntra.com/Watches/GIORDANO/Giordano-Men-Black-Dial-Watch/105401/buy
http://www.myntra.com/men-formal-shirts?nav_id=10&src=tn,/men-formal-shirts,Formal Shirts,http://www.myntra.com/giordano?src=lnb,GIORDANO [1]
,http://www.myntra.com/Tshirts/GIORDANO/Giordano-Men-Black-&-Grey-Polo-T-shirt/172889/buy
http://www.myntra.com/men-formal-shirts?nav_id=10&src=tn,/men-formal-shirts,Formal Shirts,http://www.myntra.com/giordano?src=lnb,GIORDANO [1]
,http://www.myntra.com/Watches/GIORDANO/Giordano-Men-White-Dial-Watch/29411/buy
http://www.myntra.com/men-formal-shirts?nav_id=10&src=tn,/men-formal-shirts,Formal Shirts,http://www.myntra.com/giordano?src=lnb,GIORDANO [1]
,http://www.myntra.com/Sweaters/GIORDANO/Giordano-Men-Navy-&-Grey-Striped-Cardigan/197779/buy
http://www.myntra.com/men-formal-shirts?nav_id=10&src=tn,/men-formal-shirts,Formal Shirts,http://www.myntra.com/giordano?src=lnb,GIORDANO [1]
,http://www.myntra.com/Sweaters/GIORDANO/Giordano-Men-Grey-Sweater/197771/buy
http://www.myntra.com/men-formal-shirts?nav_id=10&src=tn,/men-formal-shirts,Formal Shirts,http://www.myntra.com/giordano?src=lnb,GIORDANO [1]
,http://www.myntra.com/Watches/GIORDANO/Giordano-Premier-Men-White-Dial-Watch/105421/buy
http://www.myntra.com/men-formal-shirts?nav_id=10&src=tn,/men-formal-shirts,Formal Shirts,http://www.myntra.com/giordano?src=lnb,GIORDANO [1]
,http://www.myntra.com/Watches/GIORDANO/Giordano-Men-Black-Dial-Watch/29480/buy
http://www.myntra.com/men-formal-shirts?nav_id=10&src=tn,/men-formal-shirts,Formal Shirts,http://www.myntra.com/giordano?src=lnb,GIORDANO [1]
,http://www.myntra.com/Watches/GIORDANO/Giordano-Men-Black-Dial-Watch/105551/buy
http://www.myntra.com/men-formal-shirts?nav_id=10&src=tn,/men-formal-shirts,Formal Shirts,http://www.myntra.com/giordano?src=lnb,GIORDANO [1]
,http://www.myntra.com/Tshirts/GIORDANO/Giordano-Men-Blue-&-Green-Striped-Pique-Polo-T-shirt/172897/buy
http://www.myntra.com/men-formal-shirts?nav_id=10&src=tn,/men-formal-shirts,Formal Shirts,http://www.myntra.com/giordano?src=lnb,GIORDANO [1]
,http://www.myntra.com/Watches/GIORDANO/Giordano-Women-Blue-Dial-Watch/117128/buy
http://www.myntra.com/men-formal-shirts?nav_id=10&src=tn,/men-formal-shirts,Formal Shirts,http://www.myntra.com/giordano?src=lnb,GIORDANO [1]
,http://www.myntra.com/Watches/GIORDANO/Giordano-Men-Black-Dial-Watch/117144/buy
http://www.myntra.com/men-formal-shirts?nav_id=10&src=tn,/men-formal-shirts,Formal Shirts,http://www.myntra.com/giordano?src=lnb,GIORDANO [1]
,http://www.myntra.com/Tshirts/GIORDANO/Giordano-Men-Black-&-White-Striped-Slim-Fit-Polo-T-shirt/197817/buy
http://www.myntra.com/men-formal-shirts?nav_id=10&src=tn,/men-formal-shirts,Formal Shirts,http://www.myntra.com/giordano?src=lnb,GIORDANO [1]
,http://www.myntra.com/Tshirts/GIORDANO/Giordano-Men-Red-&-Navy-Polo-T-shirt/172894/buy
http://www.myntra.com/men-formal-shirts?nav_id=10&src=tn,/men-formal-shirts,Formal Shirts,http://www.myntra.com/giordano?src=lnb,GIORDANO [1]
,http://www.myntra.com/Watches/GIORDANO/Giordano-Women-Silver-Dial-Watch/121335/buy
http://www.myntra.com/men-formal-shirts?nav_id=10&src=tn,/men-formal-shirts,Formal Shirts,http://www.myntra.com/giordano?src=lnb,GIORDANO [1]
,http://www.myntra.com/Watches/GIORDANO/Giordano-Women-Black-Dial-Watch/121339/buy
http://www.myntra.com/men-formal-shirts?nav_id=10&src=tn,/men-formal-shirts,Formal Shirts,http://www.myntra.com/giordano?src=lnb,GIORDANO [1]
,http://www.myntra.com/Watches/GIORDANO/Giordano-Men-Black-Dial-Watch/29463/buy
http://www.myntra.com/men-formal-shirts?nav_id=10&src=tn,/men-formal-shirts,Formal Shirts,http://www.myntra.com/giordano?src=lnb,GIORDANO [1]
,http://www.myntra.com/Tshirts/GIORDANO/Giordano-Men-Magenta-Polo-T-shirt/172882/buy
http://www.myntra.com/men-formal-shirts?nav_id=10&src=tn,/men-formal-shirts,Formal Shirts,http://www.myntra.com/giordano?src=lnb,GIORDANO [1]
,http://www.myntra.com/Watches/GIORDANO/Giordano-Men-Gradient-Black-Dial-Watch/105475/buy
http://www.myntra.com/men-formal-shirts?nav_id=10&src=tn,/men-formal-shirts,Formal Shirts,http://www.myntra.com/giordano?src=lnb,GIORDANO [1]
,http://www.myntra.com/Watches/GIORDANO/Giordano-Men-Black-Dial-Watch/105393/buy
http://www.myntra.com/men-formal-shirts?nav_id=10&src=tn,/men-formal-shirts,Formal Shirts,http://www.myntra.com/giordano?src=lnb,GIORDANO [1]
,http://www.myntra.com/Watches/GIORDANO/Giordano-Men-Black-Dial-Watch/105478/buy
http://www.myntra.com/men-formal-shirts?nav_id=10&src=tn,/men-formal-shirts,Formal Shirts,http://www.myntra.com/giordano?src=lnb,GIORDANO [1]
,http://www.myntra.com/Watches/GIORDANO/Giordano-Men-Silver-Dial-Watch/29466/buy
http://www.myntra.com/men-formal-shirts?nav_id=10&src=tn,/men-formal-shirts,Formal Shirts,http://www.myntra.com/giordano?src=lnb,GIORDANO [1]
,http://www.myntra.com/Watches/GIORDANO/Giordano-Men-Black-Dial-Watch/29452/buy
http://www.myntra.com/men-formal-shirts?nav_id=10&src=tn,/men-formal-shirts,Formal Shirts,http://www.myntra.com/giordano?src=lnb,GIORDANO [1]
,http://www.myntra.com/Watches/GIORDANO/Giordano-Men-Black-Dial-Watch/105553/buy
http://www.myntra.com/men-formal-shirts?nav_id=10&src=tn,/men-formal-shirts,Formal Shirts,http://www.myntra.com/giordano?src=lnb,GIORDANO [1]
,http://www.myntra.com/Sweaters/GIORDANO/Giordano-Men-Navy-&-Maroon-Striped-Sweater/197761/buy
http://www.myntra.com/men-formal-shirts?nav_id=10&src=tn,/men-formal-shirts,Formal Shirts,http://www.myntra.com/giordano?src=lnb,GIORDANO [1]
,http://www.myntra.com/Watches/GIORDANO/Giordano-Premier-Women-White-Dial-Watche/121319/buy
http://www.myntra.com/men-formal-shirts?nav_id=10&src=tn,/men-formal-shirts,Formal Shirts,http://www.myntra.com/giordano?src=lnb,GIORDANO [1]
,http://www.myntra.com/Watches/GIORDANO/Giordano-Women-White-Dial-Watch/121338/buy
http://www.myntra.com/men-formal-shirts?nav_id=10&src=tn,/men-formal-shirts,Formal Shirts,http://www.myntra.com/giordano?src=lnb,GIORDANO [1]
,http://www.myntra.com/Watches/GIORDANO/Giordano-Women-White-Dial-Watch/121334/buy
http://www.myntra.com/men-formal-shirts?nav_id=10&src=tn,/men-formal-shirts,Formal Shirts,http://www.myntra.com/giordano?src=lnb,GIORDANO [1]
,http://www.myntra.com/Watches/GIORDANO/Giordano-Women-White-Dial-Watch/121333/buy
http://www.myntra.com/men-formal-shirts?nav_id=10&src=tn,/men-formal-shirts,Formal Shirts,http://www.myntra.com/giordano?src=lnb,GIORDANO [1]
,http://www.myntra.com/Watches/GIORDANO/Giordano-Men-Black-Dial-Watch/29457/buy
http://www.myntra.com/men-formal-shirts?nav_id=10&src=tn,/men-formal-shirts,Formal Shirts,http://www.myntra.com/giordano?src=lnb,GIORDANO [1]
,http://www.myntra.com/Watches/GIORDANO/Giordano-Men-Brown-Dial-Watch/117149/buy
http://www.myntra.com/men-formal-shirts?nav_id=10&src=tn,/men-formal-shirts,Formal Shirts,http://www.myntra.com/giordano?src=lnb,GIORDANO [1]
,http://www.myntra.com/Watches/GIORDANO/Giordano-Men-White-Dial-Watch/117113/buy
http://www.myntra.com/men-formal-shirts?nav_id=10&src=tn,/men-formal-shirts,Formal Shirts,http://www.myntra.com/giordano?src=lnb,GIORDANO [1]
,http://www.myntra.com/Watches/GIORDANO/Giordano-Men-White-Dial-Watch/117112/buy
http://www.myntra.com/men-formal-shirts?nav_id=10&src=tn,/men-formal-shirts,Formal Shirts,http://www.myntra.com/giordano?src=lnb,GIORDANO [1]
,http://www.myntra.com/Watches/GIORDANO/Giordano-Men-White-Dial-Watch/117125/buy
http://www.myntra.com/men-formal-shirts?nav_id=10&src=tn,/men-formal-shirts,Formal Shirts,http://www.myntra.com/giordano?src=lnb,GIORDANO [1]
,http://www.myntra.com/Watches/GIORDANO/Giordano-Women-White-Dial-Watch/117103/buy
http://www.myntra.com/men-formal-shirts?nav_id=10&src=tn,/men-formal-shirts,Formal Shirts,http://www.myntra.com/giordano?src=lnb,GIORDANO [1]
,http://www.myntra.com/Watches/GIORDANO/Giordano-Men-Silver-Dial-Watch/117147/buy
http://www.myntra.com/men-formal-shirts?nav_id=10&src=tn,/men-formal-shirts,Formal Shirts,http://www.myntra.com/giordano?src=lnb,GIORDANO [1]
,http://www.myntra.com/Watches/GIORDANO/Giordano-Men-Black-Dial-Watch/117148/buy
http://www.myntra.com/men-formal-shirts?nav_id=10&src=tn,/men-formal-shirts,Formal Shirts,http://www.myntra.com/giordano?src=lnb,GIORDANO [1]
,http://www.myntra.com/Watches/GIORDANO/Giordano-Men-Black-Dial-Watch/117116/buy
http://www.myntra.com/men-formal-shirts?nav_id=10&src=tn,/men-formal-shirts,Formal Shirts,http://www.myntra.com/giordano?src=lnb,GIORDANO [1]
,http://www.myntra.com/Watches/GIORDANO/Giordano-Men-Black-Dial-Watch/105402/buy
http://www.myntra.com/men-formal-shirts?nav_id=10&src=tn,/men-formal-shirts,Formal Shirts,http://www.myntra.com/giordano?src=lnb,GIORDANO [1]
,http://www.myntra.com/Watches/GIORDANO/Giordano-Men-Black-Dial-Watch/105397/buy
http://www.myntra.com/men-formal-shirts?nav_id=10&src=tn,/men-formal-shirts,Formal Shirts,http://www.myntra.com/giordano?src=lnb,GIORDANO [1]
,http://www.myntra.com/Watches/GIORDANO/Giordano-Men-Black-Dial-Watch/105415/buy
http://www.myntra.com/men-formal-shirts?nav_id=10&src=tn,/men-formal-shirts,Formal Shirts,http://www.myntra.com/giordano?src=lnb,GIORDANO [1]
,http://www.myntra.com/Watches/GIORDANO/Giordano-Men-Brown-Dial-Watch/105413/buy
http://www.myntra.com/men-formal-shirts?nav_id=10&src=tn,/men-formal-shirts,Formal Shirts,http://www.myntra.com/giordano?src=lnb,GIORDANO [1]
,http://www.myntra.com/Watches/GIORDANO/Giordano-Men-Black-Dial-Watch/105411/buy
http://www.myntra.com/men-formal-shirts?nav_id=10&src=tn,/men-formal-shirts,Formal Shirts,http://www.myntra.com/giordano?src=lnb,GIORDANO [1]
,http://www.myntra.com/Watches/GIORDANO/Giordano-Men-White-Dial-Watch/105468/buy
http://www.myntra.com/men-formal-shirts?nav_id=10&src=tn,/men-formal-shirts,Formal Shirts,http://www.myntra.com/giordano?src=lnb,GIORDANO [1]
,http://www.myntra.com/Watches/GIORDANO/Giordano-Men-White-Dial-Watch/105472/buy
http://www.myntra.com/men-formal-shirts?nav_id=10&src=tn,/men-formal-shirts,Formal Shirts,http://www.myntra.com/giordano?src=lnb,GIORDANO [1]
,http://www.myntra.com/Watches/GIORDANO/Giordano-Men-Graduated-Brown-Dial-Watch/105473/buy
http://www.myntra.com/men-formal-shirts?nav_id=10&src=tn,/men-formal-shirts,Formal Shirts,http://www.myntra.com/giordano?src=lnb,GIORDANO [1]
,http://www.myntra.com/Watches/GIORDANO/Giordano-Men-White-Dial-Watch/105474/buy
http://www.myntra.com/men-formal-shirts?nav_id=10&src=tn,/men-formal-shirts,Formal Shirts,http://www.myntra.com/giordano?src=lnb,GIORDANO [1]
,http://www.myntra.com/Watches/GIORDANO/Giordano-Men-White-Dial-Watch/105542/buy
http://www.myntra.com/men-formal-shirts?nav_id=10&src=tn,/men-formal-shirts,Formal Shirts,http://www.myntra.com/giordano?src=lnb,GIORDANO [1]
,http://www.myntra.com/Watches/GIORDANO/Giordano-Men-White-Dial-Watch/105544/buy
http://www.myntra.com/men-formal-shirts?nav_id=10&src=tn,/men-formal-shirts,Formal Shirts,http://www.myntra.com/giordano?src=lnb,GIORDANO [1]
,http://www.myntra.com/Watches/GIORDANO/Giordano-Men-White-Dial-Watch/105436/buy
http://www.myntra.com/men-formal-shirts?nav_id=10&src=tn,/men-formal-shirts,Formal Shirts,http://www.myntra.com/giordano?src=lnb,GIORDANO [1]
,http://www.myntra.com/Watches/GIORDANO/Giordano-Men-Black-Dial-Watch/105432/buy
http://www.myntra.com/men-formal-shirts?nav_id=10&src=tn,/men-formal-shirts,Formal Shirts,http://www.myntra.com/giordano?src=lnb,GIORDANO [1]
,http://www.myntra.com/Watches/GIORDANO/Giordano-Women-White-Dial-Watch/105524/buy
http://www.myntra.com/men-formal-shirts?nav_id=10&src=tn,/men-formal-shirts,Formal Shirts,http://www.myntra.com/giordano?src=lnb,GIORDANO [1]
,http://www.myntra.com/Watches/GIORDANO/Giordano-Men-White-Dial-Watch/105398/buy
http://www.myntra.com/men-formal-shirts?nav_id=10&src=tn,/men-formal-shirts,Formal Shirts,http://www.myntra.com/giordano?src=lnb,GIORDANO [1]
,http://www.myntra.com/Watches/GIORDANO/Giordano-Women-Black-Dial-Watch/105508/buy
http://www.myntra.com/men-formal-shirts?nav_id=10&src=tn,/men-formal-shirts,Formal Shirts,http://www.myntra.com/giordano?src=lnb,GIORDANO [1]
,http://www.myntra.com/Watches/GIORDANO/Giordano-Women-Cream-Dial-Watch/105526/buy
http://www.myntra.com/men-formal-shirts?nav_id=10&src=tn,/men-formal-shirts,Formal Shirts,http://www.myntra.com/giordano?src=lnb,GIORDANO [1]
,http://www.myntra.com/Watches/GIORDANO/Giordano-Men-White-Dial-Watch/70339/buy
http://www.myntra.com/men-formal-shirts?nav_id=10&src=tn,/men-formal-shirts,Formal Shirts,http://www.myntra.com/giordano?src=lnb,GIORDANO [1]
,http://www.myntra.com/Watches/GIORDANO/Giordano-Women-Blue-Dial-Watch/29509/buy
http://www.myntra.com/men-formal-shirts?nav_id=10&src=tn,/men-formal-shirts,Formal Shirts,http://www.myntra.com/giordano?src=lnb,GIORDANO [1]
,http://www.myntra.com/Watches/GIORDANO/Giordano-Women-White-Dial-Watch/29504/buy
http://www.myntra.com/men-formal-shirts?nav_id=10&src=tn,/men-formal-shirts,Formal Shirts,http://www.myntra.com/giordano?src=lnb,GIORDANO [1]
,http://www.myntra.com/Watches/GIORDANO/Giordano-Men-White-Dial-Watch/29456/buy
http://www.myntra.com/men-formal-shirts?nav_id=10&src=tn,/men-formal-shirts,Formal Shirts,http://www.myntra.com/giordano?src=lnb,GIORDANO [1]
,http://www.myntra.com/Watches/GIORDANO/Giordano-Men-White-Dial-Watch/29453/buy
